0 0
0.001 0.00184295
0.002 0.00368591
0.003 0.00552886
0.004 0.00737182
0.005 0.00921477
0.006 0.0110577
0.007 0.0129007
0.008 0.0147436
0.009 0.0165866
0.01 0.0184296
0.011 0.0202725
0.012 0.0221155
0.013 0.0239584
0.014 0.0258014
0.015 0.0276444
0.016 0.0294874
0.017 0.0313303
0.018 0.0331733
0.019 0.0350163
0.02 0.0368593
0.021 0.0387023
0.022 0.0405452
0.023 0.0423882
0.024 0.0442312
0.025 0.0460742
0.026 0.0479173
0.027 0.0497603
0.028 0.0516033
0.029 0.0534463
0.03 0.0552894
0.031 0.0571324
0.032 0.0589755
0.033 0.0608185
0.034 0.0626616
0.035 0.0645047
0.036 0.0663477
0.037 0.0681908
0.038 0.0700339
0.039 0.071877
0.04 0.0737202
0.041 0.0755633
0.042 0.0774065
0.043 0.0792496
0.044 0.0810928
0.045 0.082936
0.046 0.0847792
0.047 0.0866224
0.048 0.0884656
0.049 0.0903088
0.05 0.0921521
0.051 0.0939953
0.052 0.0958386
0.053 0.0976819
0.054 0.0995252
0.055 0.101369
0.056 0.103212
0.057 0.105055
0.058 0.106899
0.059 0.108742
0.06 0.110585
0.061 0.112429
0.062 0.114272
0.063 0.116116
0.064 0.117959
0.065 0.119803
0.066 0.121646
0.067 0.12349
0.068 0.125334
0.069 0.127177
0.07 0.129021
0.071 0.130865
0.072 0.132708
0.073 0.134552
0.074 0.136396
0.075 0.13824
0.076 0.140083
0.077 0.141927
0.078 0.143771
0.079 0.145615
0.08 0.147459
0.081 0.149303
0.082 0.151147
0.083 0.152991
0.084 0.154835
0.085 0.156679
0.086 0.158523
0.087 0.160367
0.088 0.162211
0.089 0.164056
0.09 0.1659
0.091 0.167744
0.092 0.169588
0.093 0.171433
0.094 0.173277
0.095 0.175122
0.096 0.176966
0.097 0.178811
0.098 0.180655
0.099 0.1825
0.1 0.184345
0.101 0.186189
0.102 0.188034
0.103 0.189879
0.104 0.191724
0.105 0.193568
0.106 0.195413
0.107 0.197258
0.108 0.199103
0.109 0.200948
0.11 0.202794
0.111 0.204639
0.112 0.206484
0.113 0.208329
0.114 0.210174
0.115 0.21202
0.116 0.213865
0.117 0.215711
0.118 0.217556
0.119 0.219402
0.12 0.221247
0.121 0.223093
0.122 0.224939
0.123 0.226785
0.124 0.228631
0.125 0.230476
0.126 0.232322
0.127 0.234169
0.128 0.236015
0.129 0.237861
0.13 0.239707
0.131 0.241553
0.132 0.2434
0.133 0.245246
0.134 0.247093
0.135 0.248939
0.136 0.250786
0.137 0.252632
0.138 0.254479
0.139 0.256326
0.14 0.258173
0.141 0.26002
0.142 0.261867
0.143 0.263714
0.144 0.265561
0.145 0.267409
0.146 0.269256
0.147 0.271103
0.148 0.272951
0.149 0.274798
0.15 0.276646
0.151 0.278494
0.152 0.280342
0.153 0.282189
0.154 0.284037
0.155 0.285885
0.156 0.287734
0.157 0.289582
0.158 0.29143
0.159 0.293278
0.16 0.295127
0.161 0.296976
0.162 0.298824
0.163 0.300673
0.164 0.302522
0.165 0.304371
0.166 0.30622
0.167 0.308069
0.168 0.309918
0.169 0.311767
0.17 0.313617
0.171 0.315466
0.172 0.317316
0.173 0.319165
0.174 0.321015
0.175 0.322865
0.176 0.324715
0.177 0.326565
0.178 0.328415
0.179 0.330265
0.18 0.332116
0.181 0.333966
0.182 0.335817
0.183 0.337668
0.184 0.339518
0.185 0.341369
0.186 0.34322
0.187 0.345071
0.188 0.346923
0.189 0.348774
0.19 0.350625
0.191 0.352477
0.192 0.354329
0.193 0.35618
0.194 0.358032
0.195 0.359884
0.196 0.361736
0.197 0.363589
0.198 0.365441
0.199 0.367294
0.2 0.369146
0.201 0.370999
0.202 0.372852
0.203 0.374705
0.204 0.376558
0.205 0.378411
0.206 0.380264
0.207 0.382118
0.208 0.383971
0.209 0.385825
0.21 0.387679
0.211 0.389533
0.212 0.391387
0.213 0.393241
0.214 0.395096
0.215 0.39695
0.216 0.398805
0.217 0.40066
0.218 0.402515
0.219 0.40437
0.22 0.406225
0.221 0.40808
0.222 0.409936
0.223 0.411792
0.224 0.413647
0.225 0.415503
0.226 0.417359
0.227 0.419216
0.228 0.421072
0.229 0.422928
0.23 0.424785
0.231 0.426642
0.232 0.428499
0.233 0.430356
0.234 0.432213
0.235 0.434071
0.236 0.435928
0.237 0.437786
0.238 0.439644
0.239 0.441502
0.24 0.44336
0.241 0.445219
0.242 0.447077
0.243 0.448936
0.244 0.450795
0.245 0.452654
0.246 0.454513
0.247 0.456372
0.248 0.458232
0.249 0.460091
0.25 0.461951
0.251 0.463811
0.252 0.465671
0.253 0.467532
0.254 0.469392
0.255 0.471253
0.256 0.473114
0.257 0.474975
0.258 0.476836
0.259 0.478698
0.26 0.480559
0.261 0.482421
0.262 0.484283
0.263 0.486145
0.264 0.488007
0.265 0.48987
0.266 0.491733
0.267 0.493596
0.268 0.495459
0.269 0.497322
0.27 0.499185
0.271 0.501049
0.272 0.502913
0.273 0.504777
0.274 0.506641
0.275 0.508505
0.276 0.51037
0.277 0.512235
0.278 0.5141
0.279 0.515965
0.28 0.51783
0.281 0.519696
0.282 0.521562
0.283 0.523428
0.284 0.525294
0.285 0.52716
0.286 0.529027
0.287 0.530894
0.288 0.532761
0.289 0.534628
0.29 0.536496
0.291 0.538363
0.292 0.540231
0.293 0.542099
0.294 0.543968
0.295 0.545836
0.296 0.547705
0.297 0.549574
0.298 0.551443
0.299 0.553313
0.3 0.555182
0.301 0.557052
0.302 0.558922
0.303 0.560792
0.304 0.562663
0.305 0.564534
0.306 0.566405
0.307 0.568276
0.308 0.570147
0.309 0.572019
0.31 0.573891
0.311 0.575763
0.312 0.577636
0.313 0.579508
0.314 0.581381
0.315 0.583254
0.316 0.585128
0.317 0.587001
0.318 0.588875
0.319 0.590749
0.32 0.592623
0.321 0.594498
0.322 0.596373
0.323 0.598248
0.324 0.600123
0.325 0.601999
0.326 0.603875
0.327 0.605751
0.328 0.607627
0.329 0.609504
0.33 0.61138
0.331 0.613258
0.332 0.615135
0.333 0.617012
0.334 0.61889
0.335 0.620769
0.336 0.622647
0.337 0.624526
0.338 0.626405
0.339 0.628284
0.34 0.630163
0.341 0.632043
0.342 0.633923
0.343 0.635803
0.344 0.637684
0.345 0.639565
0.346 0.641446
0.347 0.643327
0.348 0.645209
0.349 0.647091
0.35 0.648973
0.351 0.650856
0.352 0.652738
0.353 0.654621
0.354 0.656505
0.355 0.658388
0.356 0.660272
0.357 0.662157
0.358 0.664041
0.359 0.665926
0.36 0.667811
0.361 0.669696
0.362 0.671582
0.363 0.673468
0.364 0.675354
0.365 0.677241
0.366 0.679128
0.367 0.681015
0.368 0.682903
0.369 0.68479
0.37 0.686678
0.371 0.688567
0.372 0.690456
0.373 0.692345
0.374 0.694234
0.375 0.696124
0.376 0.698013
0.377 0.699904
0.378 0.701794
0.379 0.703685
0.38 0.705576
0.381 0.707468
0.382 0.70936
0.383 0.711252
0.384 0.713145
0.385 0.715037
0.386 0.716931
0.387 0.718824
0.388 0.720718
0.389 0.722612
0.39 0.724506
0.391 0.726401
0.392 0.728296
0.393 0.730192
0.394 0.732088
0.395 0.733984
0.396 0.73588
0.397 0.737777
0.398 0.739674
0.399 0.741572
0.4 0.74347
0.401 0.745368
0.402 0.747266
0.403 0.749165
0.404 0.751065
0.405 0.752964
0.406 0.754864
0.407 0.756764
0.408 0.758665
0.409 0.760566
0.41 0.762467
0.411 0.764369
0.412 0.766271
0.413 0.768174
0.414 0.770076
0.415 0.77198
0.416 0.773883
0.417 0.775787
0.418 0.777691
0.419 0.779596
0.42 0.781501
0.421 0.783406
0.422 0.785312
0.423 0.787218
0.424 0.789125
0.425 0.791031
0.426 0.792939
0.427 0.794846
0.428 0.796754
0.429 0.798663
0.43 0.800571
0.431 0.802481
0.432 0.80439
0.433 0.8063
0.434 0.80821
0.435 0.810121
0.436 0.812032
0.437 0.813944
0.438 0.815856
0.439 0.817768
0.44 0.819681
0.441 0.821594
0.442 0.823507
0.443 0.825421
0.444 0.827335
0.445 0.82925
0.446 0.831165
0.447 0.83308
0.448 0.834996
0.449 0.836913
0.45 0.838829
0.451 0.840747
0.452 0.842664
0.453 0.844582
0.454 0.8465
0.455 0.848419
0.456 0.850338
0.457 0.852258
0.458 0.854178
0.459 0.856099
0.46 0.85802
0.461 0.859941
0.462 0.861863
0.463 0.863785
0.464 0.865707
0.465 0.867631
0.466 0.869554
0.467 0.871478
0.468 0.873402
0.469 0.875327
0.47 0.877252
0.471 0.879178
0.472 0.881104
0.473 0.883031
0.474 0.884958
0.475 0.886885
0.476 0.888813
0.477 0.890741
0.478 0.89267
0.479 0.894599
0.48 0.896529
0.481 0.898459
0.482 0.90039
0.483 0.902321
0.484 0.904252
0.485 0.906184
0.486 0.908117
0.487 0.91005
0.488 0.911983
0.489 0.913917
0.49 0.915851
0.491 0.917786
0.492 0.919721
0.493 0.921657
0.494 0.923593
0.495 0.92553
0.496 0.927467
0.497 0.929405
0.498 0.931343
0.499 0.933281
0.5 0.93522
0.501 0.93716
0.502 0.9391
0.503 0.941041
0.504 0.942982
0.505 0.944923
0.506 0.946865
0.507 0.948807
0.508 0.95075
0.509 0.952694
0.51 0.954638
0.511 0.956582
0.512 0.958527
0.513 0.960473
0.514 0.962419
0.515 0.964365
0.516 0.966312
0.517 0.96826
0.518 0.970208
0.519 0.972156
0.52 0.974105
0.521 0.976055
0.522 0.978005
0.523 0.979955
0.524 0.981906
0.525 0.983858
0.526 0.98581
0.527 0.987763
0.528 0.989716
0.529 0.99167
0.53 0.993624
0.531 0.995579
0.532 0.997534
0.533 0.99949
0.534 1.00145
0.535 1.0034
0.536 1.00536
0.537 1.00732
0.538 1.00928
0.539 1.01124
0.54 1.0132
0.541 1.01516
0.542 1.01712
0.543 1.01908
0.544 1.02104
0.545 1.023
0.546 1.02496
0.547 1.02693
0.548 1.02889
0.549 1.03086
0.55 1.03282
0.551 1.03479
0.552 1.03675
0.553 1.03872
0.554 1.04069
0.555 1.04265
0.556 1.04462
0.557 1.04659
0.558 1.04856
0.559 1.05053
0.56 1.0525
0.561 1.05447
0.562 1.05645
0.563 1.05842
0.564 1.06039
0.565 1.06237
0.566 1.06434
0.567 1.06631
0.568 1.06829
0.569 1.07027
0.57 1.07224
0.571 1.07422
0.572 1.0762
0.573 1.07818
0.574 1.08015
0.575 1.08213
0.576 1.08411
0.577 1.08609
0.578 1.08808
0.579 1.09006
0.58 1.09204
0.581 1.09402
0.582 1.09601
0.583 1.09799
0.584 1.09998
0.585 1.10196
0.586 1.10395
0.587 1.10593
0.588 1.10792
0.589 1.10991
0.59 1.1119
0.591 1.11389
0.592 1.11588
0.593 1.11787
0.594 1.11986
0.595 1.12185
0.596 1.12384
0.597 1.12584
0.598 1.12783
0.599 1.12983
0.6 1.13182
0.601 1.13382
0.602 1.13581
0.603 1.13781
0.604 1.13981
0.605 1.1418
0.606 1.1438
0.607 1.1458
0.608 1.1478
0.609 1.1498
0.61 1.1518
0.611 1.15381
0.612 1.15581
0.613 1.15781
0.614 1.15982
0.615 1.16182
0.616 1.16383
0.617 1.16583
0.618 1.16784
0.619 1.16985
0.62 1.17186
0.621 1.17386
0.622 1.17587
0.623 1.17788
0.624 1.17989
0.625 1.18191
0.626 1.18392
0.627 1.18593
0.628 1.18794
0.629 1.18996
0.63 1.19197
0.631 1.19399
0.632 1.196
0.633 1.19802
0.634 1.20004
0.635 1.20206
0.636 1.20408
0.637 1.2061
0.638 1.20812
0.639 1.21014
0.64 1.21216
0.641 1.21418
0.642 1.2162
0.643 1.21823
0.644 1.22025
0.645 1.22228
0.646 1.2243
0.647 1.22633
0.648 1.22836
0.649 1.23039
0.65 1.23242
0.651 1.23445
0.652 1.23648
0.653 1.23851
0.654 1.24054
0.655 1.24257
0.656 1.2446
0.657 1.24664
0.658 1.24867
0.659 1.25071
0.66 1.25274
0.661 1.25478
0.662 1.25682
0.663 1.25886
0.664 1.2609
0.665 1.26294
0.666 1.26498
0.667 1.26702
0.668 1.26906
0.669 1.2711
0.67 1.27315
0.671 1.27519
0.672 1.27724
0.673 1.27928
0.674 1.28133
0.675 1.28338
0.676 1.28542
0.677 1.28747
0.678 1.28952
0.679 1.29157
0.68 1.29363
0.681 1.29568
0.682 1.29773
0.683 1.29978
0.684 1.30184
0.685 1.30389
0.686 1.30595
0.687 1.30801
0.688 1.31006
0.689 1.31212
0.69 1.31418
0.691 1.31624
0.692 1.3183
0.693 1.32036
0.694 1.32243
0.695 1.32449
0.696 1.32655
0.697 1.32862
0.698 1.33068
0.699 1.33275
0.7 1.33482
0.701 1.33688
0.702 1.33895
0.703 1.34102
0.704 1.34309
0.705 1.34516
0.706 1.34724
0.707 1.34931
0.708 1.35138
0.709 1.35346
0.71 1.35553
0.711 1.35761
0.712 1.35968
0.713 1.36176
0.714 1.36384
0.715 1.36592
0.716 1.368
0.717 1.37008
0.718 1.37216
0.719 1.37425
0.72 1.37633
0.721 1.37841
0.722 1.3805
0.723 1.38259
0.724 1.38467
0.725 1.38676
0.726 1.38885
0.727 1.39094
0.728 1.39303
0.729 1.39512
0.73 1.39721
0.731 1.39931
0.732 1.4014
0.733 1.40349
0.734 1.40559
0.735 1.40769
0.736 1.40978
0.737 1.41188
0.738 1.41398
0.739 1.41608
0.74 1.41818
0.741 1.42028
0.742 1.42239
0.743 1.42449
0.744 1.42659
0.745 1.4287
0.746 1.43081
0.747 1.43291
0.748 1.43502
0.749 1.43713
0.75 1.43924
0.751 1.44135
0.752 1.44346
0.753 1.44557
0.754 1.44769
0.755 1.4498
0.756 1.45192
0.757 1.45403
0.758 1.45615
0.759 1.45827
0.76 1.46039
0.761 1.46251
0.762 1.46463
0.763 1.46675
0.764 1.46887
0.765 1.47099
0.766 1.47312
0.767 1.47524
0.768 1.47737
0.769 1.4795
0.77 1.48162
0.771 1.48375
0.772 1.48588
0.773 1.48801
0.774 1.49015
0.775 1.49228
0.776 1.49441
0.777 1.49655
0.778 1.49868
0.779 1.50082
0.78 1.50296
0.781 1.5051
0.782 1.50724
0.783 1.50938
0.784 1.51152
0.785 1.51366
0.786 1.5158
0.787 1.51795
0.788 1.52009
0.789 1.52224
0.79 1.52439
0.791 1.52653
0.792 1.52868
0.793 1.53083
0.794 1.53298
0.795 1.53514
0.796 1.53729
0.797 1.53944
0.798 1.5416
0.799 1.54375
0.8 1.54591
0.801 1.54807
0.802 1.55023
0.803 1.55239
0.804 1.55455
0.805 1.55671
0.806 1.55888
0.807 1.56104
0.808 1.5632
0.809 1.56537
0.81 1.56754
0.811 1.56971
0.812 1.57187
0.813 1.57404
0.814 1.57622
0.815 1.57839
0.816 1.58056
0.817 1.58274
0.818 1.58491
0.819 1.58709
0.82 1.58926
0.821 1.59144
0.822 1.59362
0.823 1.5958
0.824 1.59798
0.825 1.60017
0.826 1.60235
0.827 1.60453
0.828 1.60672
0.829 1.60891
0.83 1.61109
0.831 1.61328
0.832 1.61547
0.833 1.61766
0.834 1.61986
0.835 1.62205
0.836 1.62424
0.837 1.62644
0.838 1.62863
0.839 1.63083
0.84 1.63303
0.841 1.63523
0.842 1.63743
0.843 1.63963
0.844 1.64183
0.845 1.64404
0.846 1.64624
0.847 1.64845
0.848 1.65066
0.849 1.65286
0.85 1.65507
0.851 1.65728
0.852 1.65949
0.853 1.66171
0.854 1.66392
0.855 1.66613
0.856 1.66835
0.857 1.67057
0.858 1.67279
0.859 1.675
0.86 1.67722
0.861 1.67945
0.862 1.68167
0.863 1.68389
0.864 1.68612
0.865 1.68834
0.866 1.69057
0.867 1.6928
0.868 1.69503
0.869 1.69726
0.87 1.69949
0.871 1.70172
0.872 1.70395
0.873 1.70619
0.874 1.70843
0.875 1.71066
0.876 1.7129
0.877 1.71514
0.878 1.71738
0.879 1.71962
0.88 1.72187
0.881 1.72411
0.882 1.72635
0.883 1.7286
0.884 1.73085
0.885 1.7331
0.886 1.73535
0.887 1.7376
0.888 1.73985
0.889 1.7421
0.89 1.74436
0.891 1.74661
0.892 1.74887
0.893 1.75113
0.894 1.75339
0.895 1.75565
0.896 1.75791
0.897 1.76017
0.898 1.76244
0.899 1.7647
0.9 1.76697
0.901 1.76924
0.902 1.7715
0.903 1.77377
0.904 1.77605
0.905 1.77832
0.906 1.78059
0.907 1.78287
0.908 1.78514
0.909 1.78742
0.91 1.7897
0.911 1.79198
0.912 1.79426
0.913 1.79654
0.914 1.79882
0.915 1.80111
0.916 1.80339
0.917 1.80568
0.918 1.80797
0.919 1.81026
0.92 1.81255
0.921 1.81484
0.922 1.81713
0.923 1.81943
0.924 1.82172
0.925 1.82402
0.926 1.82632
0.927 1.82862
0.928 1.83092
0.929 1.83322
0.93 1.83552
0.931 1.83783
0.932 1.84013
0.933 1.84244
0.934 1.84475
0.935 1.84706
0.936 1.84937
0.937 1.85168
0.938 1.854
0.939 1.85631
0.94 1.85863
0.941 1.86094
0.942 1.86326
0.943 1.86558
0.944 1.8679
0.945 1.87022
0.946 1.87255
0.947 1.87487
0.948 1.8772
0.949 1.87953
0.95 1.88185
0.951 1.88418
0.952 1.88652
0.953 1.88885
0.954 1.89118
0.955 1.89352
0.956 1.89585
0.957 1.89819
0.958 1.90053
0.959 1.90287
0.96 1.90521
0.961 1.90756
0.962 1.9099
0.963 1.91225
0.964 1.9146
0.965 1.91694
0.966 1.91929
0.967 1.92165
0.968 1.924
0.969 1.92635
0.97 1.92871
0.971 1.93106
0.972 1.93342
0.973 1.93578
0.974 1.93814
0.975 1.9405
0.976 1.94287
0.977 1.94523
0.978 1.9476
0.979 1.94997
0.98 1.95233
0.981 1.9547
0.982 1.95708
0.983 1.95945
0.984 1.96182
0.985 1.9642
0.986 1.96658
0.987 1.96895
0.988 1.97133
0.989 1.97372
0.99 1.9761
0.991 1.97848
0.992 1.98087
0.993 1.98325
0.994 1.98564
0.995 1.98803
0.996 1.99042
0.997 1.99282
0.998 1.99521
0.999 1.9976
1 2
